
--- project ---

Running DBSCAN on a large window of 2 months for a single sensor

Creating a rough gridsearch matrix (eps and min_samples varying)


search on '-1' helps ! 



--- results ---
eps: 0.002 min_samples: 15
Cluster Count: 41
 0     195667
 23      2064
 5       1816
-1       1568
 21       452
 19       435
 16       175
 37       155
 22       149
 35       126
 24       111
 18        62
 14        41
 32        40
 15        36
 17        32
 25        32
 10        32
 34        32
 20        32
 38        29
 2         28
 28        27
 7         26
 9         26
 33        25
 39        24
 12        24
 1         20
 8         20
 3         18
 11        18
 6         17
 31        16
 36        16
 13        16
 26        15
 40        15
 4         15
 30        10
 29        10
 27         9
Name: cluster, dtype: int64 

eps: 0.002 min_samples: 19
Cluster Count: 57
 0     194616
-1       2024
 40      1782
 2        694
 15       617
 16       342
 42       282
 30       269
 34       238
 12       218
 9        212
 1        188
 11       169
 38       146
 14        91
 25        90
 43        78
 39        76
 48        72
 32        72
 3         70
 17        69
 41        68
 35        64
 4         58
 8         56
 51        51
 31        48
 29        46
 36        39
 23        35
 50        34
 55        34
 52        34
 27        32
 54        29
 46        28
 33        28
 20        26
 18        26
 24        26
 47        25
 5         23
 56        22
 10        22
 37        21
 26        21
 49        19
 53        19
 7         19
 45        19
 19        19
 21        19
 22        19
 44        12
 28        12
 13         9
 6          4
Name: cluster, dtype: int64 

eps: 0.002 min_samples: 23
Cluster Count: 60
 0     194506
-1       2779
 43      1520
 2        550
 18       512
 22       296
 46       257
 41       139
 42       138
 45       118
 1        115
 19       115
 30       108
 14        96
 17        91
 21        85
 34        81
 36        80
 3         77
 13        77
 40        75
 10        75
 26        73
 58        71
 23        65
 5         64
 6         61
 39        61
 51        59
 35        59
 37        57
 15        55
 16        53
 12        52
 8         50
 4         47
 7         46
 44        43
 33        42
 24        42
 29        40
 54        40
 52        40
 38        39
 20        39
 48        36
 55        34
 28        32
 9         30
 56        28
 11        27
 32        25
 57        25
 49        24
 53        24
 59        24
 31        24
 27        23
 25        16
 47        14
 50         7
Name: cluster, dtype: int64 

eps: 0.002 min_samples: 27
Cluster Count: 67
 0     194439
-1       3529
 53      1400
 3        314
 2        233
 21       195
 27       160
 25       157
 57       139
 1        102
 23        99
 56        93
 30        90
 36        88
 54        85
 51        82
 22        82
 28        77
 4         77
 34        72
 15        70
 40        68
 39        66
 29        65
 16        64
 48        63
 47        62
 32        58
 6         57
 38        54
 14        52
 10        49
 17        49
 19        48
 5         47
 8         46
 45        46
 31        46
 46        46
 63        45
 43        45
 12        44
 44        44
 11        41
 58        40
 35        40
 42        39
 52        39
 50        36
 26        36
 49        36
 59        35
 55        33
 33        30
 41        30
 9         29
 37        28
 61        28
 62        28
 7         27
 13        27
 60        27
 20        27
 65        19
 18        17
 66        17
 24        16
 64         9
Name: cluster, dtype: int64 

eps: 0.002 min_samples: 31
Cluster Count: 59
 0     194435
-1       4729
 47      1157
 3        211
 6        146
 46       129
 24       111
 48       108
 22        94
 5         90
 52        87
 1         86
 20        82
 4         80
 32        79
 21        75
 38        75
 27        71
 26        68
 2         68
 51        68
 25        67
 16        64
 15        63
 19        62
 44        53
 14        52
 50        52
 43        51
 42        46
 7         46
 40        45
 28        44
 45        42
 17        41
 35        41
 13        41
 49        39
 33        37
 8         33
 18        32
 37        32
 12        32
 57        32
 10        32
 54        32
 39        31
 41        31
 56        31
 34        31
 53        31
 36        23
 58        22
 55        21
 29        21
 30        20
 23        19
 11        19
 9         14
 31         7
Name: cluster, dtype: int64 

eps: 0.002 min_samples: 35
Cluster Count: 47
 0     189831
-1       6130
 13      3024
 12       973
 34       568
 33       311
 11       251
 7        135
 40       124
 37       118
 14       113
 4        113
 5         98
 32        98
 20        94
 9         90
 2         76
 6         73
 1         65
 16        64
 19        64
 24        62
 18        62
 23        61
 25        59
 8         58
 3         55
 15        52
 29        47
 35        47
 38        45
 10        40
 39        37
 44        36
 41        36
 21        36
 31        36
 22        36
 26        36
 27        36
 17        36
 45        35
 30        35
 42        22
 43        21
 28        21
 36        12
 46         9
Name: cluster, dtype: int64 

eps: 0.002 min_samples: 39
Cluster Count: 44
 0     181379
 1       8420
-1       7094
 20      2118
 14       613
 37       433
 12       229
 15       199
 21       178
 36       174
 13       149
 16       135
 17       131
 18       130
 19       127
 41       124
 40       118
 24       113
 35       106
 22       105
 7        101
 4         98
 23        89
 11        82
 28        80
 38        79
 6         77
 3         65
 2         65
 27        64
 25        64
 30        62
 26        62
 39        56
 5         55
 31        53
 29        47
 10        40
 42        39
 9         39
 8         24
 32        22
 33        21
 34        11
 43        11
Name: cluster, dtype: int64 

eps: 0.002 min_samples: 43
Cluster Count: 54
 0     177474
-1       7913
 5       4734
 14      3422
 4       2737
 30      1008
 32       638
 2        499
 1        472
 17       344
 3        341
 28       314
 15       217
 49       211
 46       155
 18       155
 29       147
 16       141
 25       140
 23       127
 27       127
 44       122
 51       108
 24       107
 6         97
 34        92
 9         90
 11        88
 21        88
 22        87
 33        84
 45        79
 10        77
 35        73
 37        72
 47        70
 38        64
 52        62
 19        61
 41        59
 8         57
 42        56
 7         56
 48        56
 20        53
 12        51
 40        49
 43        44
 39        44
 53        30
 36        29
 13        27
 26        11
 50        11
 31        11
Name: cluster, dtype: int64 

eps: 0.002 min_samples: 47
Cluster Count: 53
 0     176993
-1       8970
 9       3970
 18      3422
 4       2751
 34      1008
 35       638
 7        502
 2        484
 17       465
 1        336
 5        208
 48       194
 19       188
 32       165
 30       149
 33       147
 20       141
 31       130
 26       127
 21       126
 28       120
 10       112
 49       108
 6        108
 8        107
 37        92
 3         91
 25        88
 11        85
 36        84
 46        83
 29        82
 27        79
 43        79
 44        78
 13        77
 23        76
 24        74
 38        73
 12        67
 22        65
 14        64
 50        62
 41        56
 16        51
 40        49
 45        48
 47        48
 39        47
 42        29
 15        29
 52        29
 51        27
Name: cluster, dtype: int64 

eps: 0.002 min_samples: 51
Cluster Count: 52
 0     176962
-1      10199
 13      3773
 22      3199
 5       2416
 41       693
 42       638
 10       502
 21       485
 1        336
 2        290
 7        208
 6        194
 12       182
 35       165
 3        163
 40       152
 9        141
 28       140
 34       135
 26       132
 30       127
 25       126
 14       112
 27       111
 47       111
 8        108
 36        98
 45        97
 11        96
 31        96
 44        92
 4         91
 29        88
 38        87
 15        85
 43        84
 33        82
 23        79
 48        73
 50        57
 19        55
 16        53
 32        52
 49        52
 18        51
 46        51
 37        33
 39        32
 17        31
 51        31
 20        24
 24        11
Name: cluster, dtype: int64 

eps: 0.002 min_samples: 55
Cluster Count: 61
 0     176403
-1      11043
 21      3762
 32      2728
 7       2416
 47       708
 27       559
 28       415
 31       320
 51       206
 6        188
 4        178
 8        176
 9        159
 52       149
 3        148
 1        148
 50       144
 53       139
 18       139
 44       136
 14       134
 34       126
 35       119
 17       109
 10       108
 43       107
 15       107
 37       106
 2        102
 45        98
 30        97
 36        97
 56        97
 46        97
 16        96
 39        95
 11        93
 22        93
 55        92
 33        92
 5         91
 58        90
 38        88
 24        73
 12        66
 19        62
 60        57
 29        57
 40        57
 49        56
 59        56
 26        55
 54        55
 42        55
 48        55
 57        39
 41        39
 23        38
 25        33
 13        16
 20        14
Name: cluster, dtype: int64 

eps: 0.002 min_samples: 60
Cluster Count: 69
 0     175367
-1      12263
 24      3448
 7       1975
 47      1391
 2        632
 42       614
 29       427
 38       352
 1        318
 25       314
 59       285
 31       238
 37       206
 58       197
 60       192
 6        188
 9        185
 10       176
 8        166
 41       163
 3        148
 64       133
 30       131
 43       128
 61       127
 11       122
 48       114
 17       111
 27       110
 20       109
 65       109
 12       108
 18       107
 54       107
 51       106
 21       103
 4        102
 14       101
 55       101
 63       101
 56        98
 57        97
 49        97
 67        97
 13        93
 66        92
 5         91
 23        90
 62        89
 19        84
 35        83
 52        80
 39        79
 26        79
 33        79
 50        78
 46        67
 16        66
 34        65
 22        62
 15        61
 68        61
 44        60
 53        60
 32        60
 40        42
 36        38
 28        37
 45        21
Name: cluster, dtype: int64 

eps: 0.002 min_samples: 65
Cluster Count: 73
 0     175367
-1      13753
 26      3272
 10       714
 53       624
 2        540
 43       492
 11       464
 9        433
 1        318
 52       284
 62       283
 33       238
 29       229
 51       224
 63       211
 61       180
 35       168
 42       163
 17       160
 14       160
 44       152
 3        148
 49       144
 8        141
 13       140
 41       138
 27       136
 66       133
 32       131
 39       128
 7        128
 64       127
 38       125
 48       122
 15       122
 50       115
 54       114
 19       111
 34       110
 30       110
 22       109
 28       108
 16       108
 58       107
 20       107
 23       106
 12       106
 56       106
 5        102
 59        98
 4         92
 68        92
 72        91
 65        89
 36        86
 21        84
 31        73
 55        69
 40        68
 57        68
 60        67
 47        67
 67        67
 37        67
 18        66
 25        66
 6         65
 69        65
 71        65
 24        45
 46        45
 45        43
 70        32
Name: cluster, dtype: int64 

eps: 0.002 min_samples: 70
Cluster Count: 70
 0     168506
-1      15718
 2       5081
 28      3077
 1        802
 3        718
 14       692
 6        506
 15       440
 13       414
 51       306
 54       275
 4        242
 45       239
 30       206
 5        206
 50       202
 26       195
 60       192
 53       174
 21       160
 44       152
 42       151
 18       143
 46       141
 34       131
 7        130
 48       129
 8        129
 16       129
 40       128
 35       128
 11       128
 63       127
 12       125
 39       125
 36       125
 43       122
 19       122
 59       121
 52       118
 27       116
 41       114
 9        112
 47       112
 22       111
 32       110
 24       109
 20       108
 23       107
 57       106
 49       101
 64        99
 29        92
 62        91
 25        90
 56        77
 68        73
 17        73
 33        73
 58        72
 67        71
 65        71
 31        71
 66        70
 10        70
 38        70
 37        50
 61        49
 55        42
 69        16
Name: cluster, dtype: int64 

eps: 0.002 min_samples: 80
Cluster Count: 58
 0     168197
-1      19595
 1       4196
 32      2186
 4        577
 20       439
 31       431
 33       416
 8        304
 7        281
 6        267
 24       262
 48       262
 2        251
 9        250
 12       245
 10       242
 13       235
 21       209
 22       186
 5        177
 3        161
 23       157
 30       149
 17       145
 26       138
 49       136
 34       136
 46       131
 37       131
 47       131
 14       130
 11       129
 15       129
 38       128
 41       128
 18       128
 45       128
 55       127
 40       125
 44       122
 51       115
 19       113
 50       111
 57       108
 29       106
 52       105
 27        90
 25        87
 16        85
 56        85
 39        83
 35        83
 36        82
 43        81
 42        80
 53        80
 28        49
 54        41
Name: cluster, dtype: int64 

eps: 0.002 min_samples: 100
Cluster Count: 53
 0     121545
-1      25903
 45     25128
 46     10290
 49      8387
 14      1529
 31       966
 43       712
 22       708
 48       669
 35       667
 18       502
 47       444
 4        252
 33       251
 36       239
 7        227
 13       223
 51       205
 17       197
 1        188
 15       184
 32       182
 6        182
 5        180
 50       174
 2        170
 10       165
 24       164
 25       162
 39       162
 26       161
 3        161
 20       161
 19       161
 23       159
 27       157
 44       142
 34       135
 28       132
 52       123
 12       110
 9        109
 40       107
 8        106
 21       104
 30       102
 29        76
 11        70
 38        64
 16        62
 41        53
 37        47
 42        22
Name: cluster, dtype: int64 

eps: 0.002 min_samples: 150
Cluster Count: 79
 0     106002
-1      49346
 1      12362
 29      7428
 38      5787
 72      1359
 28      1117
 74       895
 31       824
 70       673
 36       567
 25       526
 51       432
 75       352
 27       314
 73       310
 32       308
 3        308
 37       304
 68       303
 77       299
 69       294
 66       293
 26       288
 33       286
 11       279
 22       278
 50       277
 13       276
 65       275
 35       274
 39       269
 41       268
 56       265
 44       264
 21       264
 20       264
 49       263
 55       263
 2        262
 78       260
 54       259
 6        256
 53       255
 76       255
 34       254
 59       252
 16       251
 17       250
 58       249
 48       249
 40       247
 23       246
 47       244
 5        244
 45       243
 63       243
 57       242
 64       240
 19       238
 15       238
 52       236
 30       217
 7        217
 42       215
 18       199
 60       195
 8        192
 10       184
 14       165
 43       161
 61       157
 24       154
 67       150
 12       150
 9        150
 62       150
 46       150
 4        107
 71        99
Name: cluster, dtype: int64 

eps: 0.002 min_samples: 500
Cluster Count: 37
-1     161087
 21      9730
 22      6260
 18      1015
 24      1012
 25       926
 26       910
 28       893
 27       886
 20       881
 30       874
 15       868
 6        856
 17       851
 14       844
 3        827
 12       819
 33       796
 8        796
 9        788
 29       788
 13       786
 32       785
 10       780
 4        775
 35       770
 11       765
 19       750
 16       669
 1        647
 2        641
 0        640
 31       508
 23       506
 34       503
 36       503
 5        501
 7        245
Name: cluster, dtype: int64 

eps: 0.003 min_samples: 15
Cluster Count: 27
 0     197632
 18      3591
-1        722
 25       511
 21       250
 1         62
 20        60
 17        59
 5         57
 15        54
 9         49
 14        44
 2         42
 19        35
 6         33
 16        32
 23        28
 22        27
 24        26
 3         24
 8         23
 10        22
 12        21
 4         16
 26        16
 13        15
 11        15
 7         15
Name: cluster, dtype: int64 

eps: 0.003 min_samples: 19
Cluster Count: 25
 0     197620
 12      3579
-1       1095
 21       437
 15        88
 18        62
 1         60
 3         50
 11        50
 14        48
 9         43
 2         42
 7         37
 16        34
 10        30
 20        26
 22        25
 13        24
 19        21
 8         20
 4         19
 5         19
 17        15
 23        14
 24        14
 6          9
Name: cluster, dtype: int64 

eps: 0.003 min_samples: 23
Cluster Count: 19
 0     197579
 10      3214
-1       1476
 17       361
 8        317
 15        54
 1         51
 6         47
 11        43
 7         43
 14        42
 3         37
 5         34
 12        32
 16        30
 4         29
 9         24
 13        23
 2         23
 18        22
Name: cluster, dtype: int64 

eps: 0.003 min_samples: 27
Cluster Count: 16
 0     197516
 9       3211
-1       1729
 8        313
 15       177
 13       156
 2         49
 1         48
 12        48
 6         41
 7         38
 11        37
 4         32
 10        32
 5         27
 3         14
 14        13
Name: cluster, dtype: int64 

eps: 0.003 min_samples: 31
Cluster Count: 18
 0     195645
-1       2069
 12      2064
 2       1803
 8        741
 11       294
 6        173
 15       122
 16       106
 13        90
 17        70
 9         58
 7         48
 5         41
 14        40
 1         32
 4         32
 3         31
 10        22
Name: cluster, dtype: int64 

eps: 0.003 min_samples: 35
Cluster Count: 20
 0     194614
-1       2414
 13      2053
 4       1303
 1        951
 5        421
 8        357
 10       295
 12       290
 15       118
 6        109
 16        94
 14        78
 3         65
 7         64
 2         62
 11        56
 9         44
 17        42
 19        35
 18        16
Name: cluster, dtype: int64 

eps: 0.003 min_samples: 39
Cluster Count: 28
 0     194591
-1       2718
 21      1788
 2        738
 10       704
 12       338
 15       261
 23       257
 9        218
 20       218
 5        212
 17       198
 1        188
 7        103
 13       102
 19        81
 11        73
 16        72
 27        70
 3         68
 22        64
 14        64
 8         64
 18        62
 24        59
 25        59
 26        56
 6         42
 4         13
Name: cluster, dtype: int64 

eps: 0.003 min_samples: 43
Cluster Count: 39
 0     194513
-1       3194
 30      1528
 2        650
 13       609
 17       274
 34       257
 21       175
 28       142
 9        141
 29       118
 1        115
 15       110
 33       105
 10        96
 14        87
 19        86
 24        80
 22        76
 8         69
 7         69
 12        69
 27        68
 23        66
 16        65
 5         64
 4         64
 37        64
 11        64
 26        61
 25        57
 3         52
 31        47
 38        44
 20        44
 35        43
 36        43
 6         31
 18        26
 32        15
Name: cluster, dtype: int64 

eps: 0.003 min_samples: 47
Cluster Count: 33
 0     194488
-1       4138
 27      1493
 2        650
 14       589
 30       149
 16       111
 1        110
 21       108
 13       105
 9         96
 29        93
 12        87
 24        83
 26        82
 28        79
 7         79
 22        75
 20        72
 6         71
 17        67
 15        65
 4         64
 8         62
 23        59
 25        56
 10        55
 11        53
 32        49
 18        48
 3         47
 31        47
 5         26
 19        25
Name: cluster, dtype: int64 

eps: 0.003 min_samples: 51
Cluster Count: 27
 0     194450
-1       4817
 22      1489
 3        414
 10       352
 2        236
 11       169
 24       139
 1        110
 14       105
 9         99
 7         96
 23        93
 8         82
 17        75
 20        71
 6         70
 12        68
 4         64
 18        62
 19        59
 13        59
 5         58
 16        55
 25        54
 21        52
 15        51
 26        32
Name: cluster, dtype: int64 

eps: 0.003 min_samples: 55
Cluster Count: 20
 0     194429
-1       5689
 16      1400
 3        400
 2        217
 7        195
 9        109
 1        104
 6         99
 4         96
 17        93
 10        91
 12        76
 11        71
 13        67
 19        65
 15        59
 18        56
 14        55
 8         55
 5         55
Name: cluster, dtype: int64 

eps: 0.003 min_samples: 60
Cluster Count: 15
 0     194192
-1       6534
 13      1096
 2        308
 8        184
 14       149
 4        146
 5        123
 12       120
 9        109
 1         96
 6         96
 7         93
 10        91
 3         73
 11        71
Name: cluster, dtype: int64 

eps: 0.003 min_samples: 65
Cluster Count: 17
 0     189921
-1       7003
 7       3986
 15       715
 13       298
 6        251
 2        222
 9        176
 16       149
 8        136
 4        135
 11       102
 1         86
 5         67
 10        66
 3         65
 12        65
 14        38
Name: cluster, dtype: int64 

eps: 0.003 min_samples: 70
Cluster Count: 23
 0     181412
 1       8419
-1       7699
 10      2670
 7        766
 19       440
 6        237
 8        207
 9        160
 18       160
 21       143
 17       126
 12       125
 2        123
 4        123
 11       114
 20        95
 22        92
 5         78
 3         76
 13        72
 15        71
 14        42
 16        31
Name: cluster, dtype: int64 

eps: 0.003 min_samples: 80
Cluster Count: 28
 0     181268
-1       9262
 4       4091
 3       3580
 18      1681
 1        511
 16       314
 26       222
 8        213
 10       170
 11       158
 9        152
 13       152
 17       147
 19       142
 5        141
 14       140
 12       137
 15       127
 2        119
 27        98
 6         97
 25        95
 24        90
 22        83
 23        83
 7         81
 20        80
 21        47
Name: cluster, dtype: int64 

eps: 0.003 min_samples: 100
Cluster Count: 33
 0     176989
-1      12010
 13      3788
 19      2854
 7       2500
 28       725
 16       457
 30       376
 18       320
 10       250
 8        236
 1        196
 12       182
 5        178
 11       178
 2        177
 31       158
 6        152
 3        144
 22       140
 4        140
 24       135
 9        133
 25       122
 26       120
 21       104
 17       101
 27       100
 23       100
 20       100
 32        84
 14        80
 15        80
 29        72
Name: cluster, dtype: int64 

eps: 0.003 min_samples: 150
Cluster Count: 24
 0     168242
-1      23060
 1       4254
 19      2532
 4        550
 13       431
 8        326
 18       284
 2        273
 12       267
 3        264
 7        249
 10       246
 9        245
 6        244
 15       232
 20       218
 11       211
 16       211
 14       209
 17       208
 5        204
 22       191
 23       179
 21       151
Name: cluster, dtype: int64 

eps: 0.003 min_samples: 500
Cluster Count: 10
-1    106622
 2     76344
 3      8941
 5      4878
 4      2361
 6       890
 7       882
 0       850
 1       706
 8       506
 9       501
Name: cluster, dtype: int64 

eps: 0.004 min_samples: 15
Cluster Count: 24
 0     197764
 15      3865
 22       543
 16       356
-1        219
 6        112
 2        100
 9         83
 3         58
 8         51
 19        46
 20        42
 18        33
 11        29
 12        24
 4         23
 13        20
 1         19
 10        19
 23        18
 14        15
 17        12
 5         12
 21         9
 7          9
Name: cluster, dtype: int64 

eps: 0.004 min_samples: 19
Cluster Count: 18
 0     197748
 11      3685
-1        600
 16       520
 12       325
 10       131
 5         97
 7         54
 6         46
 9         42
 14        37
 15        36
 13        35
 1         31
 3         23
 8         22
 2         19
 17        18
 4         12
Name: cluster, dtype: int64 

eps: 0.004 min_samples: 23
Cluster Count: 22
 0     197733
 10      3593
-1        853
 20       509
 14        99
 16        69
 12        61
 9         57
 1         57
 7         52
 4         49
 13        38
 11        36
 15        35
 3         34
 18        33
 6         32
 8         30
 5         28
 2         25
 19        24
 17        23
 21        11
Name: cluster, dtype: int64 

eps: 0.004 min_samples: 27
Cluster Count: 14
 0     197630
 8       3595
-1       1203
 13       489
 10        88
 1         60
 9         58
 3         56
 12        56
 7         54
 5         49
 11        39
 4         38
 2         36
 6         30
Name: cluster, dtype: int64 

eps: 0.004 min_samples: 31
Cluster Count: 11
 0     197609
 6       3581
-1       1415
 10       467
 1         59
 9         58
 8         57
 2         56
 5         51
 4         48
 7         48
 3         32
Name: cluster, dtype: int64 

eps: 0.004 min_samples: 35
Cluster Count: 11
 0     197585
 5       3531
-1       1643
 9        368
 8         61
 1         51
 3         47
 7         44
 4         43
 6         38
 2         35
 10        35
Name: cluster, dtype: int64 

eps: 0.004 min_samples: 39
Cluster Count: 11
 0     197516
 5       3220
-1       1875
 4        239
 9        187
 8        155
 6         67
 7         54
 2         52
 1         48
 3         47
 10        21
Name: cluster, dtype: int64 

eps: 0.004 min_samples: 43
Cluster Count: 9
 0    195666
 5      3200
-1      2101
 1      1820
 3       209
 8       187
 7       152
 6        71
 2        45
 4        30
Name: cluster, dtype: int64 

eps: 0.004 min_samples: 47
Cluster Count: 11
 0     195645
 6       2448
-1       2278
 1       1802
 4        737
 2        179
 7        130
 8        117
 5         52
 9         34
 3         30
 10        29
Name: cluster, dtype: int64 

eps: 0.004 min_samples: 51
Cluster Count: 13
 0     194616
-1       2442
 9       2058
 3       1731
 1       1029
 7        374
 6        363
 8        294
 4        173
 11       124
 12       113
 10        67
 2         65
 5         32
Name: cluster, dtype: int64 

eps: 0.004 min_samples: 55
Cluster Count: 19
 0     194610
-1       2737
 13      2053
 1        945
 5        804
 3        321
 6        318
 12       294
 8        274
 4        273
 10       251
 7        121
 9         81
 2         75
 11        73
 17        64
 14        59
 15        59
 16        38
 18        31
Name: cluster, dtype: int64 

eps: 0.004 min_samples: 60
Cluster Count: 23
 0     194599
-1       3210
 19      1776
 2        756
 8        728
 10       316
 21       269
 13       261
 9        177
 1        177
 18       164
 5        143
 14       113
 6        109
 12        90
 11        79
 7         75
 16        69
 4         69
 17        68
 3         60
 15        60
 20        60
 22        53
Name: cluster, dtype: int64 

eps: 0.004 min_samples: 65
Cluster Count: 22
 0     194488
-1       4011
 18      1526
 2        708
 7        616
 11       292
 19       269
 5        165
 13       155
 1        139
 9        134
 16       132
 6        111
 20       100
 17        91
 14        90
 15        80
 8         80
 12        73
 4         66
 10        65
 21        65
 3         25
Name: cluster, dtype: int64 

eps: 0.004 min_samples: 70
Cluster Count: 17
 0     194471
-1       5010
 13      1501
 2        650
 6        608
 15       139
 9        130
 1        129
 8        120
 3        118
 10       100
 14        99
 16        77
 7         75
 11        72
 12        71
 4         70
 5         41
Name: cluster, dtype: int64 

eps: 0.004 min_samples: 80
Cluster Count: 11
 0     194387
-1       6334
 9       1267
 3        387
 2        233
 6        195
 10       148
 7        146
 1        110
 8        100
 5         93
 4         81
Name: cluster, dtype: int64 

eps: 0.004 min_samples: 100
Cluster Count: 12
 0     190091
-1       7909
 4       2974
 3        987
 8        488
 1        202
 9        149
 7        146
 6        140
 2        113
 5        113
 11       100
 10        69
Name: cluster, dtype: int64 

eps: 0.004 min_samples: 150
Cluster Count: 15
 0     177024
-1      13931
 7       3762
 11      2882
 4       2534
 12       725
 5        402
 9        397
 1        308
 2        300
 13       292
 10       278
 6        176
 14       170
 3        150
 8        150
Name: cluster, dtype: int64 

eps: 0.004 min_samples: 500
Cluster Count: 18
 0     103905
-1      79692
 5       7974
 11      1678
 9        993
 15       889
 16       884
 8        877
 14       848
 13       841
 4        816
 10       769
 17       630
 7        627
 2        506
 6        500
 3        441
 12       372
 1        239
Name: cluster, dtype: int64 

eps: 0.005 min_samples: 15
Cluster Count: 24
 0     197764
 15      3865
 22       543
 16       356
-1        219
 6        112
 2        100
 9         83
 3         58
 8         51
 19        46
 20        42
 18        33
 11        29
 12        24
 4         23
 13        20
 1         19
 10        19
 23        18
 14        15
 17        12
 5         12
 21         9
 7          9
Name: cluster, dtype: int64 

eps: 0.005 min_samples: 19
Cluster Count: 18
 0     197748
 11      3685
-1        600
 16       520
 12       325
 10       131
 5         97
 7         54
 6         46
 9         42
 14        37
 15        36
 13        35
 1         31
 3         23
 8         22
 2         19
 17        18
 4         12
Name: cluster, dtype: int64 

eps: 0.005 min_samples: 23
Cluster Count: 22
 0     197733
 10      3593
-1        853
 20       509
 14        99
 16        69
 12        61
 9         57
 1         57
 7         52
 4         49
 13        38
 11        36
 15        35
 3         34
 18        33
 6         32
 8         30
 5         28
 2         25
 19        24
 17        23
 21        11
Name: cluster, dtype: int64 

eps: 0.005 min_samples: 27
Cluster Count: 14
 0     197630
 8       3595
-1       1203
 13       489
 10        88
 1         60
 9         58
 3         56
 12        56
 7         54
 5         49
 11        39
 4         38
 2         36
 6         30
Name: cluster, dtype: int64 

eps: 0.005 min_samples: 31
Cluster Count: 11
 0     197609
 6       3581
-1       1415
 10       467
 1         59
 9         58
 8         57
 2         56
 5         51
 4         48
 7         48
 3         32
Name: cluster, dtype: int64 

eps: 0.005 min_samples: 35
Cluster Count: 11
 0     197585
 5       3531
-1       1643
 9        368
 8         61
 1         51
 3         47
 7         44
 4         43
 6         38
 2         35
 10        35
Name: cluster, dtype: int64 

eps: 0.005 min_samples: 39
Cluster Count: 11
 0     197516
 5       3220
-1       1875
 4        239
 9        187
 8        155
 6         67
 7         54
 2         52
 1         48
 3         47
 10        21
Name: cluster, dtype: int64 

eps: 0.005 min_samples: 43
Cluster Count: 9
 0    195666
 5      3200
-1      2101
 1      1820
 3       209
 8       187
 7       152
 6        71
 2        45
 4        30
Name: cluster, dtype: int64 

eps: 0.005 min_samples: 47
Cluster Count: 11
 0     195645
 6       2448
-1       2278
 1       1802
 4        737
 2        179
 7        130
 8        117
 5         52
 9         34
 3         30
 10        29
Name: cluster, dtype: int64 

eps: 0.005 min_samples: 51
Cluster Count: 13
 0     194616
-1       2442
 9       2058
 3       1731
 1       1029
 7        374
 6        363
 8        294
 4        173
 11       124
 12       113
 10        67
 2         65
 5         32
Name: cluster, dtype: int64 

eps: 0.005 min_samples: 55
Cluster Count: 19
 0     194610
-1       2737
 13      2053
 1        945
 5        804
 3        321
 6        318
 12       294
 8        274
 4        273
 10       251
 7        121
 9         81
 2         75
 11        73
 17        64
 14        59
 15        59
 16        38
 18        31
Name: cluster, dtype: int64 

eps: 0.005 min_samples: 60
Cluster Count: 23
 0     194599
-1       3210
 19      1776
 2        756
 8        728
 10       316
 21       269
 13       261
 9        177
 1        177
 18       164
 5        143
 14       113
 6        109
 12        90
 11        79
 7         75
 16        69
 4         69
 17        68
 3         60
 15        60
 20        60
 22        53
Name: cluster, dtype: int64 

eps: 0.005 min_samples: 65
Cluster Count: 22
 0     194488
-1       4011
 18      1526
 2        708
 7        616
 11       292
 19       269
 5        165
 13       155
 1        139
 9        134
 16       132
 6        111
 20       100
 17        91
 14        90
 15        80
 8         80
 12        73
 4         66
 10        65
 21        65
 3         25
Name: cluster, dtype: int64 

eps: 0.005 min_samples: 70
Cluster Count: 17
 0     194471
-1       5010
 13      1501
 2        650
 6        608
 15       139
 9        130
 1        129
 8        120
 3        118
 10       100
 14        99
 16        77
 7         75
 11        72
 12        71
 4         70
 5         41
Name: cluster, dtype: int64 

eps: 0.005 min_samples: 80
Cluster Count: 11
 0     194387
-1       6334
 9       1267
 3        387
 2        233
 6        195
 10       148
 7        146
 1        110
 8        100
 5         93
 4         81
Name: cluster, dtype: int64 

eps: 0.005 min_samples: 100
Cluster Count: 12
 0     190091
-1       7909
 4       2974
 3        987
 8        488
 1        202
 9        149
 7        146
 6        140
 2        113
 5        113
 11       100
 10        69
Name: cluster, dtype: int64 

eps: 0.005 min_samples: 150
Cluster Count: 15
 0     177024
-1      13931
 7       3762
 11      2882
 4       2534
 12       725
 5        402
 9        397
 1        308
 2        300
 13       292
 10       278
 6        176
 14       170
 3        150
 8        150
Name: cluster, dtype: int64 

eps: 0.005 min_samples: 500
Cluster Count: 18
 0     103905
-1      79692
 5       7974
 11      1678
 9        993
 15       889
 16       884
 8        877
 14       848
 13       841
 4        816
 10       769
 17       630
 7        627
 2        506
 6        500
 3        441
 12       372
 1        239
Name: cluster, dtype: int64 

eps: 0.007 min_samples: 15
Cluster Count: 4
 0    198355
 3      4985
-1        93
 1        26
 2        22
Name: cluster, dtype: int64 

eps: 0.007 min_samples: 19
Cluster Count: 6
 0    197818
 4      4289
 5       662
 2       431
-1       146
 1       104
 3        31
Name: cluster, dtype: int64 

eps: 0.007 min_samples: 23
Cluster Count: 9
 0    197772
 6      4274
 8       596
 4       294
-1       222
 3       106
 2       101
 7        68
 1        24
 5        24
Name: cluster, dtype: int64 

eps: 0.007 min_samples: 27
Cluster Count: 14
 0     197764
 8       3868
 13       543
-1        418
 9        346
 5        106
 7         86
 4         58
 11        56
 6         53
 12        49
 10        45
 3         44
 1         30
 2         15
Name: cluster, dtype: int64 

eps: 0.007 min_samples: 31
Cluster Count: 12
 0     197755
 6       3817
-1        625
 11       537
 7        332
 2        103
 4         77
 3         48
 9         44
 5         41
 10        37
 1         34
 8         31
Name: cluster, dtype: int64 

eps: 0.007 min_samples: 35
Cluster Count: 10
 0    197746
 7      3687
-1       864
 9       533
 8       319
 5        87
 1        77
 3        58
 6        40
 2        35
 4        35
Name: cluster, dtype: int64 

eps: 0.007 min_samples: 39
Cluster Count: 8
 0    197741
 4      3658
-1      1093
 7       508
 6       214
 3        84
 1        68
 5        66
 2        49
Name: cluster, dtype: int64 

eps: 0.007 min_samples: 43
Cluster Count: 8
 0    197705
 3      3652
-1      1249
 7       506
 6        92
 5        85
 2        65
 1        64
 4        63
Name: cluster, dtype: int64 

eps: 0.007 min_samples: 47
Cluster Count: 9
 0    197689
 3      3590
-1      1344
 7       489
 6        87
 5        73
 2        59
 4        53
 1        50
 8        47
Name: cluster, dtype: int64 

eps: 0.007 min_samples: 51
Cluster Count: 6
 0    197609
 3      3590
-1      1628
 5       462
 1        69
 4        65
 2        58
Name: cluster, dtype: int64 

eps: 0.007 min_samples: 55
Cluster Count: 4
 0    197607
 2      3576
-1      1781
 3       462
 1        55
Name: cluster, dtype: int64 

eps: 0.007 min_samples: 60
Cluster Count: 4
 0    197583
 1      3557
-1      1918
 3       361
 2        62
Name: cluster, dtype: int64 

eps: 0.007 min_samples: 65
Cluster Count: 3
 0    197525
 1      3554
-1      2052
 2       350
Name: cluster, dtype: int64 

eps: 0.007 min_samples: 70
Cluster Count: 6
 0    195691
 3      3216
-1      2105
 1      1821
 5       342
 2       236
 4        70
Name: cluster, dtype: int64 

eps: 0.007 min_samples: 80
Cluster Count: 8
 0    195676
-1      2401
 4      2377
 1      1779
 3       750
 2       168
 7       148
 6       115
 5        67
Name: cluster, dtype: int64 

eps: 0.007 min_samples: 100
Cluster Count: 15
 0     194577
-1       3880
 12      1647
 2        756
 5        738
 7        281
 13       277
 1        194
 3        193
 6        177
 8        175
 4        157
 10       132
 9        119
 11       114
 14        64
Name: cluster, dtype: int64 

eps: 0.007 min_samples: 150
Cluster Count: 5
 0    194156
-1      7825
 3       703
 2       350
 1       297
 4       150
Name: cluster, dtype: int64 

eps: 0.007 min_samples: 500
Cluster Count: 10
 0    121477
-1     39911
 2     23969
 9      7215
 4      4013
 6      2113
 1      1742
 7      1362
 3       721
 8       548
 5       410
Name: cluster, dtype: int64 

eps: 0.01 min_samples: 15
Cluster Count: 3
 0    198366
 2      4988
-1        64
 1        63
Name: cluster, dtype: int64 

eps: 0.01 min_samples: 19
Cluster Count: 4
 0    198361
 3      4988
-1        85
 1        26
 2        21
Name: cluster, dtype: int64 

eps: 0.01 min_samples: 23
Cluster Count: 2
 0    198357
 1      4986
-1       138
Name: cluster, dtype: int64 

eps: 0.01 min_samples: 27
Cluster Count: 4
 0    197827
 3      4948
 1       525
-1       151
 2        30
Name: cluster, dtype: int64 

eps: 0.01 min_samples: 31
Cluster Count: 8
 0    197776
 5      4284
 7       595
 4       306
-1       220
 2       104
 3        94
 6        69
 1        33
Name: cluster, dtype: int64 

eps: 0.01 min_samples: 35
Cluster Count: 9
 0    197774
 4      4227
 8       541
-1       313
 3       273
 1       101
 2        83
 6        68
 7        55
 5        46
Name: cluster, dtype: int64 

eps: 0.01 min_samples: 39
Cluster Count: 11
 0     197768
 5       3880
 10       543
-1        473
 6        336
 2        112
 4         96
 3         60
 9         60
 8         56
 1         53
 7         44
Name: cluster, dtype: int64 

eps: 0.01 min_samples: 43
Cluster Count: 7
 0    197761
 4      3855
-1       744
 6       541
 5       341
 1       110
 3        81
 2        48
Name: cluster, dtype: int64 

eps: 0.01 min_samples: 47
Cluster Count: 6
 0    197759
 3      3805
-1       879
 5       538
 4       335
 1        92
 2        73
Name: cluster, dtype: int64 

eps: 0.01 min_samples: 51
Cluster Count: 7
 0    197745
 3      3768
-1       977
 6       527
 5       228
 4        97
 1        85
 2        54
Name: cluster, dtype: int64 

eps: 0.01 min_samples: 55
Cluster Count: 6
 0    197737
 2      3757
-1      1092
 5       514
 4       219
 3        84
 1        78
Name: cluster, dtype: int64 

eps: 0.01 min_samples: 60
Cluster Count: 6
 0    197722
 1      3685
-1      1329
 4       509
 3       109
 2        90
 5        37
Name: cluster, dtype: int64 

eps: 0.01 min_samples: 65
Cluster Count: 4
 0    197705
 1      3647
-1      1564
 3       484
 2        81
Name: cluster, dtype: int64 

eps: 0.01 min_samples: 70
Cluster Count: 3
 0    197662
 1      3593
-1      1751
 2       475
Name: cluster, dtype: int64 

eps: 0.01 min_samples: 80
Cluster Count: 3
 0    197585
 1      3581
-1      1859
 2       456
Name: cluster, dtype: int64 

eps: 0.01 min_samples: 100
Cluster Count: 5
 0    195718
 3      3244
-1      2156
 1      1805
 4       339
 2       219
Name: cluster, dtype: int64 

eps: 0.01 min_samples: 150
Cluster Count: 9
 0    194530
-1      4987
 7      1598
 2       733
 4       704
 8       257
 6       172
 1       171
 3       166
 5       163
Name: cluster, dtype: int64 

eps: 0.01 min_samples: 500
Cluster Count: 4
 0    168249
-1     27349
 2      4288
 3      2739
 1       856
Name: cluster, dtype: int64 

eps: 0.015 min_samples: 15
Cluster Count: 2
 0    203423
 1        39
-1        19
Name: cluster, dtype: int64 

eps: 0.015 min_samples: 19
Cluster Count: 2
 0    203354
 1        69
-1        58
Name: cluster, dtype: int64 

eps: 0.015 min_samples: 23
Cluster Count: 2
 0    203354
 1        68
-1        59
Name: cluster, dtype: int64 

eps: 0.015 min_samples: 27
Cluster Count: 3
 0    198369
 2      4985
-1        76
 1        51
Name: cluster, dtype: int64 

eps: 0.015 min_samples: 31
Cluster Count: 2
 0    198364
 1      4990
-1       127
Name: cluster, dtype: int64 

eps: 0.015 min_samples: 35
Cluster Count: 2
 0    198356
 1      4990
-1       135
Name: cluster, dtype: int64 

eps: 0.015 min_samples: 39
Cluster Count: 2
 0    198355
 1      4975
-1       151
Name: cluster, dtype: int64 

eps: 0.015 min_samples: 43
Cluster Count: 3
 0    198328
 2      4955
-1       174
 1        24
Name: cluster, dtype: int64 

eps: 0.015 min_samples: 47
Cluster Count: 4
 0    197804
 3      4954
 2       397
-1       224
 1       102
Name: cluster, dtype: int64 

eps: 0.015 min_samples: 51
Cluster Count: 5
 0    197794
 4      4951
 3       286
-1       249
 1       101
 2       100
Name: cluster, dtype: int64 