
--- project ---

Running DBSCAN on a large window of 2 months for a single sensor

Creating a rough gridspec matrix (eps and min_samples varying)





--- code ---

r1 = [.01, .02, .03, .04, .05, .06, .07, .08, .09, .10, .11, .12, .13, .14, .15, .16, .17, .18, .19, .20]
r2 = [3, 4, 5, 6, 7, 8, 9, 10, 11, 12, 13, 14, 15, 16, 17, 18, 19, 20, 21, 22, 23, 24, 25]

for i in r1:
    for j in r2:
        db = DBSCAN(eps=i, min_samples=j, metric='euclidean', n_jobs=-1).fit(X)
        label=db.labels_
        sample_cores=np.zeros_like(label,dtype=bool)
        sample_cores[db.core_sample_indices_]=True
        n_clusters=len(set(label))- (1 if -1 in label else 0)
        print('eps:', i, "min_samples:", j)
        print('Cluster Count:',n_clusters)
        tsys["cluster"] = db.labels_
        print(tsys["cluster"].value_counts(), '\n')





--- results ---

eps: 0.002 min_samples: 3
Cluster Count: 71
 0     197767
 54      3648
 69       462
 59       123
 53       121
 37       116
 58       113
 57       113
 33        91
 29        55
 63        53
 24        52
 65        49
-1         43
 55        37
 38        36
 66        35
 52        29
 60        28
 2         24
 42        24
 56        23
 68        21
 36        20
 70        20
 51        20
 46        20
 28        18
 23        18
 4         16
 12        15
 30        15
 1         14
 26        13
 34        12
 62        11
 47        11
 40        11
 31        11
 25        10
 5          9
 22         8
 64         8
 32         8
 6          8
 61         8
 44         7
 35         7
 9          7
 50         6
 16         6
 39         5
 10         5
 49         5
 67         5
 8          5
 20         5
 3          4
 14         4
 15         4
 11         4
 13         4
 17         4
 7          3
 48         3
 45         3
 41         3
 27         3
 21         3
 19         3
 18         3
 43         3
Name: cluster, dtype: int64 

eps: 0.002 min_samples: 5
Cluster Count: 68
 0     197757
 48      3648
 65       462
-1        130
 53       123
 46       119
 50       113
 52       113
 33        83
 27        58
 23        54
 60        41
 49        37
 62        35
 32        33
 28        33
 57        31
 45        29
 54        28
 36        26
 51        23
 64        21
 58        20
 44        20
 41        19
 66        19
 22        18
 15        18
 1         18
 31        17
 38        17
 24        15
 16        15
 19        15
 2         14
 20        13
 18        13
 29        12
 56        11
 37        11
 25        11
 42        11
 17        10
 34         9
 21         9
 11         9
 26         8
 59         8
 55         8
 14         8
 61         8
 30         7
 7          7
 5          7
 40         7
 39         7
 3          6
 12         6
 4          6
 63         5
 6          5
 8          5
 43         5
 9          5
 10         5
 35         5
 47         5
 13         4
 67         3
Name: cluster, dtype: int64 

eps: 0.002 min_samples: 7
Cluster Count: 74
 0     197638
 45      3648
 67       462
-1        300
 52       113
 1        111
 53        91
 21        58
 42        53
 49        47
 28        42
 46        36
 41        34
 22        33
 24        32
 44        31
 50        31
 59        29
 57        28
 61        25
 12        25
 65        24
 51        23
 48        22
 29        22
 66        21
 39        20
 68        19
 30        17
 2         17
 19        15
 40        15
 26        14
 10        14
 8         13
 7         13
 47        12
 37        12
 9         12
 34        12
 54        11
 11        11
 17        11
 16        11
 63        11
 55        11
 31        11
 58        11
 15        11
 23        10
 38        10
 27        10
 43        10
 60        10
 64         9
 56         9
 3          9
 71         8
 14         8
 62         8
 6          8
 18         8
 5          7
 36         7
 73         7
 69         7
 13         7
 35         7
 33         7
 25         7
 4          7
 70         6
 32         4
 72         4
 20         4
Name: cluster, dtype: int64 

eps: 0.002 min_samples: 9
Cluster Count: 69
 0     197589
 42      3590
-1        621
 63       343
 62        91
 48        87
 1         71
 51        56
 41        53
 45        47
 18        44
 43        35
 38        33
 5         32
 40        31
 65        28
 27        27
 49        26
 59        24
 23        23
 61        22
 64        21
 60        21
 46        21
 3         20
 32        20
 4         19
 35        18
 26        16
 33        16
 34        16
 14        15
 19        15
 55        15
 25        15
 29        15
 12        14
 36        14
 22        13
 53        13
 8         13
 50        13
 7         12
 2         12
 44        12
 10        12
 24        12
 66        11
 9         11
 30        11
 58        11
 56        11
 54        11
 20        11
 47        11
 39        10
 21        10
 52         9
 68         9
 6          9
 16         9
 11         9
 15         9
 57         9
 13         9
 31         9
 28         7
 67         5
 17         2
 37         2
Name: cluster, dtype: int64 

eps: 0.002 min_samples: 11
Cluster Count: 60
 0     197571
 27      3349
-1        930
 51       343
 26       182
 49        66
 34        51
 38        51
 1         50
 31        47
 24        43
 25        43
 10        37
 22        29
 15        29
 53        28
 35        25
 50        25
 37        22
 2         22
 4         21
 52        21
 46        20
 23        19
 30        19
 32        18
 20        18
 12        18
 18        17
 48        17
 3         16
 5         16
 29        16
 9         15
 14        14
 41        13
 11        13
 36        13
 39        13
 7         12
 21        12
 19        12
 8         11
 59        11
 57        11
 56        11
 54        11
 28        11
 6         11
 42        11
 40        11
 17        11
 33        11
 44        11
 13        11
 43        11
 16         8
 47         7
 45         6
 55         5
 58         5
Name: cluster, dtype: int64 

eps: 0.002 min_samples: 13
Cluster Count: 45
 0     197518
 20      3211
-1       1299
 42       188
 17       182
 41       126
 19        71
 5         53
 1         48
 24        44
 25        41
 15        41
 36        40
 16        38
 8         35
 18        32
 38        32
 21        32
 43        28
 29        27
 10        27
 37        25
 12        24
 28        22
 6         21
 39        21
 34        18
 14        17
 2         17
 11        17
 7         16
 40        15
 3         15
 9         15
 27        14
 26        14
 22        14
 23        14
 32        13
 35        13
 31        13
 13        13
 30        10
 4          4
 44         2
 33         1
Name: cluster, dtype: int64 

eps: 0.002 min_samples: 15
Cluster Count: 41
 0     195667
 23      2064
 5       1816
-1       1568
 21       452
 19       435
 16       175
 37       155
 22       149
 35       126
 24       111
 18        62
 14        41
 32        40
 15        36
 17        32
 25        32
 10        32
 34        32
 20        32
 38        29
 2         28
 28        27
 7         26
 9         26
 33        25
 39        24
 12        24
 1         20
 8         20
 3         18
 11        18
 6         17
 31        16
 36        16
 13        16
 26        15
 40        15
 4         15
 30        10
 29        10
 27         9
Name: cluster, dtype: int64 

eps: 0.002 min_samples: 17
Cluster Count: 49
 0     194819
 32      2059
-1       1780
 11      1143
 1        768
 25       369
 27       312
 10       218
 7        212
 9        169
 29       146
 21       129
 33        78
 30        76
 40        76
 31        73
 6         65
 24        62
 28        60
 44        56
 2         51
 43        51
 23        46
 19        41
 46        38
 37        35
 22        32
 8         31
 20        30
 34        30
 47        29
 42        28
 36        27
 26        26
 13        26
 12        26
 38        25
 39        25
 16        25
 18        24
 41        24
 4         23
 5         19
 17        18
 14        18
 48        18
 35        17
 3         17
 45        10
 15         1
Name: cluster, dtype: int64 

eps: 0.002 min_samples: 19
Cluster Count: 57
 0     194616
-1       2024
 40      1782
 2        694
 15       617
 16       342
 42       282
 30       269
 34       238
 12       218
 9        212
 1        188
 11       169
 38       146
 14        91
 25        90
 43        78
 39        76
 48        72
 32        72
 3         70
 17        69
 41        68
 35        64
 4         58
 8         56
 51        51
 31        48
 29        46
 36        39
 23        35
 50        34
 55        34
 52        34
 27        32
 54        29
 46        28
 33        28
 20        26
 18        26
 24        26
 47        25
 5         23
 56        22
 10        22
 37        21
 26        21
 49        19
 53        19
 7         19
 45        19
 19        19
 21        19
 22        19
 44        12
 28        12
 13         9
 6          4
Name: cluster, dtype: int64 

eps: 0.002 min_samples: 21
Cluster Count: 57
 0     194576
-1       2383
 40      1666
 2        694
 16       512
 19       338
 44       257
 1        188
 14       179
 27       175
 38       146
 11       135
 43       116
 12       109
 18       101
 29        92
 15        91
 23        86
 32        80
 39        76
 8         75
 37        75
 30        66
 20        65
 49        63
 36        61
 4         58
 3         58
 13        58
 33        57
 7         56
 42        43
 50        40
 26        40
 52        40
 17        39
 34        39
 53        37
 46        36
 28        35
 55        34
 31        34
 25        32
 47        31
 21        29
 54        28
 41        25
 24        25
 51        24
 56        22
 9         22
 48        22
 22        21
 5         21
 35        21
 6         21
 45        14
 10        14
Name: cluster, dtype: int64 

eps: 0.002 min_samples: 23
Cluster Count: 60
 0     194506
-1       2779
 43      1520
 2        550
 18       512
 22       296
 46       257
 41       139
 42       138
 45       118
 1        115
 19       115
 30       108
 14        96
 17        91
 21        85
 34        81
 36        80
 3         77
 13        77
 40        75
 10        75
 26        73
 58        71
 23        65
 5         64
 6         61
 39        61
 51        59
 35        59
 37        57
 15        55
 16        53
 12        52
 8         50
 4         47
 7         46
 44        43
 33        42
 24        42
 29        40
 54        40
 52        40
 38        39
 20        39
 48        36
 55        34
 28        32
 9         30
 56        28
 11        27
 32        25
 57        25
 49        24
 53        24
 59        24
 31        24
 27        23
 25        16
 47        14
 50         7
Name: cluster, dtype: int64 

eps: 0.002 min_samples: 25
Cluster Count: 66
 0     194454
-1       3106
 49      1482
 2        550
 21       512
 26       201
 54       143
 22       115
 1        110
 33       100
 53        93
 20        87
 51        85
 46        82
 16        81
 3         77
 15        77
 24        77
 45        76
 38        75
 30        72
 36        71
 64        71
 25        65
 41        61
 42        60
 5         57
 27        55
 17        55
 12        54
 37        53
 18        53
 14        52
 11        50
 4         47
 7         46
 39        44
 50        43
 35        42
 28        42
 48        42
 58        40
 32        40
 40        39
 6         38
 44        38
 47        36
 23        36
 59        35
 60        34
 52        33
 34        33
 31        28
 61        28
 63        28
 19        27
 13        27
 10        27
 29        26
 43        25
 55        25
 9         25
 62        25
 8         23
 56        17
 57        17
 65        13
Name: cluster, dtype: int64 

eps: 0.002 min_samples: 27
Cluster Count: 67
 0     194439
-1       3529
 53      1400
 3        314
 2        233
 21       195
 27       160
 25       157
 57       139
 1        102
 23        99
 56        93
 30        90
 36        88
 54        85
 51        82
 22        82
 28        77
 4         77
 34        72
 15        70
 40        68
 39        66
 29        65
 16        64
 48        63
 47        62
 32        58
 6         57
 38        54
 14        52
 10        49
 17        49
 19        48
 5         47
 8         46
 45        46
 31        46
 46        46
 63        45
 43        45
 12        44
 44        44
 11        41
 58        40
 35        40
 42        39
 52        39
 50        36
 26        36
 49        36
 59        35
 55        33
 33        30
 41        30
 9         29
 37        28
 61        28
 62        28
 7         27
 13        27
 60        27
 20        27
 65        19
 18        17
 66        17
 24        16
 64         9
Name: cluster, dtype: int64 

eps: 0.002 min_samples: 29
Cluster Count: 61
 0     194439
-1       4192
 52      1394
 3        308
 5        146
 54       139
 23       131
 22       113
 25       100
 1         96
 29        84
 20        82
 21        82
 19        82
 50        82
 26        77
 38        75
 55        75
 4         73
 15        70
 2         68
 24        67
 16        64
 48        63
 41        62
 40        59
 14        52
 27        52
 47        51
 9         51
 17        49
 35        49
 6         47
 53        47
 30        46
 7         46
 46        46
 18        42
 31        41
 13        41
 44        39
 51        39
 58        37
 43        36
 57        35
 59        32
 37        32
 12        32
 60        31
 45        31
 42        30
 33        30
 10        29
 39        29
 49        29
 36        23
 8         19
 56        18
 34        17
 32        17
 28         7
 11         6
Name: cluster, dtype: int64 

eps: 0.002 min_samples: 31
Cluster Count: 59
 0     194435
-1       4729
 47      1157
 3        211
 6        146
 46       129
 24       111
 48       108
 22        94
 5         90
 52        87
 1         86
 20        82
 4         80
 32        79
 21        75
 38        75
 27        71
 26        68
 2         68
 51        68
 25        67
 16        64
 15        63
 19        62
 44        53
 14        52
 50        52
 43        51
 42        46
 7         46
 40        45
 28        44
 45        42
 17        41
 35        41
 13        41
 49        39
 33        37
 8         33
 18        32
 37        32
 12        32
 57        32
 10        32
 54        32
 39        31
 41        31
 56        31
 34        31
 53        31
 36        23
 58        22
 55        21
 29        21
 30        20
 23        19
 11        19
 9         14
 31         7
Name: cluster, dtype: int64 

eps: 0.002 min_samples: 33
Cluster Count: 47
 0     191165
-1       5640
 12      3170
 36      1109
 6        146
 35       120
 37       118
 3        113
 4         98
 9         97
 20        94
 1         76
 19        75
 5         73
 2         68
 24        68
 15        64
 18        62
 26        62
 25        61
 39        58
 7         58
 40        54
 14        52
 30        47
 10        46
 38        45
 17        44
 13        41
 34        36
 16        36
 23        36
 28        36
 27        36
 33        35
 45        35
 32        34
 43        34
 31        33
 11        33
 22        33
 44        25
 42        23
 41        22
 29        21
 8         21
 21        19
 46         9
Name: cluster, dtype: int64 

eps: 0.003 min_samples: 3
Cluster Count: 21
 0     197923
 20      4984
 16       408
 2         41
 17        24
 5         17
-1         10
 8          9
 1          8
 9          6
 10         6
 18         6
 11         6
 6          5
 3          5
 7          4
 13         4
 12         3
 14         3
 15         3
 4          3
 19         3
Name: cluster, dtype: int64 

eps: 0.003 min_samples: 5
Cluster Count: 16
 0     197915
 15      4984
 13       408
-1         40
 3         28
 14        24
 6         17
 10         9
 1          8
 2          8
 4          7
 7          6
 9          6
 11         6
 5          5
 12         5
 8          5
Name: cluster, dtype: int64 

eps: 0.003 min_samples: 7
Cluster Count: 17
 0     197772
 16      4758
 9        316
 15       171
-1        110
 7        102
 8         73
 1         39
 11        24
 14        24
 13        20
 10        17
 5         13
 2         12
 12        10
 3          7
 6          7
 4          6
Name: cluster, dtype: int64 

eps: 0.003 min_samples: 9
Cluster Count: 23
 0     197767
 18      3685
 21       519
 19       409
 17       171
-1        160
 9        149
 20       120
 11       117
 6         65
 7         58
 10        49
 5         37
 13        24
 2         22
 15        20
 22        19
 1         17
 12        17
 16        13
 8         13
 4         11
 14        10
 3          9
Name: cluster, dtype: int64 

eps: 0.003 min_samples: 11
Cluster Count: 35
 0     197756
 24      3685
 32       522
 25       335
-1        269
 23       131
 12        93
 15        60
 14        49
 29        43
 28        42
 22        40
 31        40
 7         30
 17        28
 5         27
 8         24
 16        22
 6         21
 26        20
 3         20
 30        19
 33        19
 20        19
 10        19
 19        17
 1         17
 18        17
 11        16
 4         15
 9         15
 21        13
 2         12
 13        10
 34         9
 27         7
Name: cluster, dtype: int64 

eps: 0.003 min_samples: 13
Cluster Count: 31
 0     197749
 21      3685
 29       519
-1        504
 24       256
 20        84
 23        63
 9         59
 14        49
 19        48
 18        39
 28        33
 10        32
 25        32
 27        29
 6         29
 13        25
 15        22
 7         22
 12        20
 2         19
 30        19
 16        19
 1         17
 17        16
 4         16
 3         15
 8         15
 22        13
 26        13
 5         11
 11         9
Name: cluster, dtype: int64 

eps: 0.003 min_samples: 15
Cluster Count: 27
 0     197632
 18      3591
-1        722
 25       511
 21       250
 1         62
 20        60
 17        59
 5         57
 15        54
 9         49
 14        44
 2         42
 19        35
 6         33
 16        32
 23        28
 22        27
 24        26
 3         24
 8         23
 10        22
 12        21
 4         16
 26        16
 13        15
 11        15
 7         15
Name: cluster, dtype: int64 

eps: 0.003 min_samples: 17
Cluster Count: 27
 0     197623
 15      3595
-1        898
 25       510
 20       106
 19        88
 1         67
 4         56
 14        51
 11        51
 17        51
 2         42
 7         40
 13        31
 16        31
 10        28
 6         28
 18        26
 24        25
 23        24
 9         20
 5         19
 21        18
 8         17
 3         17
 12        11
 22         7
 26         1
Name: cluster, dtype: int64 

eps: 0.003 min_samples: 19
Cluster Count: 25
 0     197620
 12      3579
-1       1095
 21       437
 15        88
 18        62
 1         60
 3         50
 11        50
 14        48
 9         43
 2         42
 7         37
 16        34
 10        30
 20        26
 22        25
 13        24
 19        21
 8         20
 4         19
 5         19
 17        15
 23        14
 24        14
 6          9
Name: cluster, dtype: int64 

eps: 0.003 min_samples: 21
Cluster Count: 21
 0     197585
 12      3216
-1       1315
 20       374
 10       317
 14        73
 18        63
 1         60
 16        53
 13        48
 8         47
 9         43
 4         42
 7         36
 15        32
 3         31
 6         29
 17        26
 19        25
 11        24
 5         21
 2         21
Name: cluster, dtype: int64 

eps: 0.003 min_samples: 23
Cluster Count: 19
 0     197579
 10      3214
-1       1476
 17       361
 8        317
 15        54
 1         51
 6         47
 11        43
 7         43
 14        42
 3         37
 5         34
 12        32
 16        30
 4         29
 9         24
 13        23
 2         23
 18        22
Name: cluster, dtype: int64 

eps: 0.003 min_samples: 25
Cluster Count: 14
 0     197579
 7       3211
-1       1662
 6        317
 13       183
 12       178
 1         48
 10        48
 4         43
 5         43
 8         42
 9         37
 2         35
 11        28
 3         27
Name: cluster, dtype: int64 

eps: 0.003 min_samples: 27
Cluster Count: 16
 0     197516
 9       3211
-1       1729
 8        313
 15       177
 13       156
 2         49
 1         48
 12        48
 6         41
 7         38
 11        37
 4         32
 10        32
 5         27
 3         14
 14        13
Name: cluster, dtype: int64 

eps: 0.003 min_samples: 29
Cluster Count: 17
 0     195655
 13      2466
-1       1897
 2       1803
 10       750
 9        221
 16       184
 15       153
 11        58
 4         48
 7         41
 14        40
 1         38
 8         36
 6         29
 3         25
 12        23
 5         14
Name: cluster, dtype: int64 

eps: 0.003 min_samples: 31
Cluster Count: 18
 0     195645
-1       2069
 12      2064
 2       1803
 8        741
 11       294
 6        173
 15       122
 16       106
 13        90
 17        70
 9         58
 7         48
 5         41
 14        40
 1         32
 4         32
 3         31
 10        22
Name: cluster, dtype: int64 

eps: 0.003 min_samples: 33
Cluster Count: 19
 0     194641
-1       2270
 13      2064
 3       1731
 1        997
 8        390
 10       301
 12       294
 5        121
 16       118
 17       106
 14        78
 2         65
 9         58
 7         52
 6         42
 18        42
 4         39
 11        39
 15        33
Name: cluster, dtype: int64 

eps: 0.004 min_samples: 3
Cluster Count: 11
 0     203353
 1         66
 4         10
 5         10
 9          8
-1          8
 6          6
 7          6
 3          5
 2          3
 8          3
 10         3
Name: cluster, dtype: int64 

eps: 0.004 min_samples: 5
Cluster Count: 9
 0    198362
 8      4991
 1        42
-1        25
 2        24
 3        10
 4        10
 5         6
 7         6
 6         5
Name: cluster, dtype: int64 

eps: 0.004 min_samples: 7
Cluster Count: 9
 0    198356
 8      4950
-1        59
 7        35
 1        27
 2        25
 6         9
 3         7
 5         7
 4         6
Name: cluster, dtype: int64 

eps: 0.004 min_samples: 9
Cluster Count: 8
 0    197922
 7      4953
 4       406
-1       103
 6        31
 5        25
 1        21
 2        15
 3         5
Name: cluster, dtype: int64 

eps: 0.004 min_samples: 11
Cluster Count: 8
 0    197812
 6      4288
 7       664
 3       406
-1       144
 2       106
 4        24
 5        24
 1        13
Name: cluster, dtype: int64 

eps: 0.004 min_samples: 13
Cluster Count: 14
 0     197769
 11      3863
 13       664
 12       404
 6        289
-1        165
 3        106
 4         73
 8         24
 5         23
 7         21
 10        21
 2         20
 9         20
 1         19
Name: cluster, dtype: int64 

eps: 0.004 min_samples: 15
Cluster Count: 24
 0     197764
 15      3865
 22       543
 16       356
-1        219
 6        112
 2        100
 9         83
 3         58
 8         51
 19        46
 20        42
 18        33
 11        29
 12        24
 4         23
 13        20
 1         19
 10        19
 23        18
 14        15
 17        12
 5         12
 21         9
 7          9
Name: cluster, dtype: int64 

eps: 0.004 min_samples: 17
Cluster Count: 27
 0     197756
 17      3685
 24       513
-1        383
 18       349
 16       173
 11       103
 14        79
 7         55
 13        50
 19        40
 21        39
 22        38
 15        25
 9         19
 25        18
 2         18
 1         18
 3         18
 4         17
 23        17
 5         15
 8         13
 6         13
 20        10
 12         9
 26         5
 10         3
Name: cluster, dtype: int64 

eps: 0.004 min_samples: 19
Cluster Count: 18
 0     197748
 11      3685
-1        600
 16       520
 12       325
 10       131
 5         97
 7         54
 6         46
 9         42
 14        37
 15        36
 13        35
 1         31
 3         23
 8         22
 2         19
 17        18
 4         12
Name: cluster, dtype: int64 

eps: 0.004 min_samples: 21
Cluster Count: 19
 0     197739
 13      3685
-1        708
 18       517
 14       315
 12        87
 4         57
 8         50
 11        48
 6         38
 17        36
 5         33
 16        29
 10        29
 15        25
 2         21
 1         21
 9         21
 3         21
 7          1
Name: cluster, dtype: int64 

eps: 0.004 min_samples: 23
Cluster Count: 22
 0     197733
 10      3593
-1        853
 20       509
 14        99
 16        69
 12        61
 9         57
 1         57
 7         52
 4         49
 13        38
 11        36
 15        35
 3         34
 18        33
 6         32
 8         30
 5         28
 2         25
 19        24
 17        23
 21        11
Name: cluster, dtype: int64 

eps: 0.004 min_samples: 25
Cluster Count: 17
 0     197691
 8       3595
-1       1068
 15       503
 12        80
 14        69
 10        61
 2         57
 7         55
 5         52
 3         45
 1         41
 13        37
 6         30
 9         29
 4         25
 11        25
 16        18
Name: cluster, dtype: int64 

eps: 0.004 min_samples: 27
Cluster Count: 14
 0     197630
 8       3595
-1       1203
 13       489
 10        88
 1         60
 9         58
 3         56
 12        56
 7         54
 5         49
 11        39
 4         38
 2         36
 6         30
Name: cluster, dtype: int64 

eps: 0.004 min_samples: 29
Cluster Count: 13
 0     197621
 7       3590
-1       1313
 11       475
 1         66
 10        65
 9         60
 3         56
 6         54
 5         48
 8         48
 4         37
 2         32
 12        16
Name: cluster, dtype: int64 

eps: 0.004 min_samples: 31
Cluster Count: 11
 0     197609
 6       3581
-1       1415
 10       467
 1         59
 9         58
 8         57
 2         56
 5         51
 4         48
 7         48
 3         32
Name: cluster, dtype: int64 

eps: 0.004 min_samples: 33
Cluster Count: 12
 0     197587
 5       3577
-1       1544
 9        448
 1         59
 4         50
 6         44
 7         44
 3         42
 11        33
 2         20
 10        19
 8         14
Name: cluster, dtype: int64 

eps: 0.005 min_samples: 3
Cluster Count: 11
 0     203353
 1         66
 4         10
 5         10
 9          8
-1          8
 6          6
 7          6
 3          5
 2          3
 8          3
 10         3
Name: cluster, dtype: int64 

eps: 0.005 min_samples: 5
Cluster Count: 9
 0    198362
 8      4991
 1        42
-1        25
 2        24
 3        10
 4        10
 5         6
 7         6
 6         5
Name: cluster, dtype: int64

